10 19.6 26.8 39.1 49.8 59.5 70 79.5 88 98.7
6.8 19.8 30 33.5 50 59.9 68.2 79.9 85 92
4.6 17.6 25.1 31.8 47.8 57.9 63.1 73.3 89.7 93.4
8.8 17.5 29.6 39.9 48.3 55.4 70 78.5 89.9 95.5
10 17 25 40 43.1 55.7 69.5 80 83.4 92.7
4.2 19.2 28.9 38.9 49 55.6 70 79.9 85.4 99.3
9.9 18.3 26.9 39.7 46.7 54.6 64.2 74.4 83 94.6
10 20 25.8 38.4 46 59.1 68.7 79.5 89.8 97.4
9.8 12.2 29.9 35.8 48.8 58.1 68 80 83.2 93.5
7.1 19.9 24.6 39.9 49.5 56.8 70 80 86.7 99.6
3 19.9 29.9 37 49.7 53.1 66.4 77.5 90 99.9
3.5 19.9 27 39.7 49.9 53.9 67.8 78.1 89.9 92.6
2.9 17.8 29.9 34.7 41.6 60 69.5 75.9 90 99.9
9.8 19.9 29.9 39.7 42.2 55.4 62.1 75.1 85.4 99.9
8.1 17.2 24.9 39.9 49.6 59.6 70 76.4 89.9 94.6
9.3 18.7 26.3 39.9 50 59.8 64.8 80 89.1 93.7
7.5 19.1 29.9 35.6 49.7 59.8 68.2 79.9 84.2 93.8
8.1 12.8 30 33.4 49.3 54.8 63.1 77.2 83.5 94.3
10 16 29.1 39.2 46.4 54.6 70 75.3 86 94.7
9.7 18.8 29.2 39.9 50 59.6 68 79.7 88.1 99.2
10 19.9 30 39.9 49.9 57.1 68.8 80 89.9 96.7
9.9 17.2 26.4 40 47.8 58.8 65 76.9 88.3 94.7
4.3 19.7 29.8 39.7 47.3 59.9 66.6 72.1 84.4 92.9
9 18.4 28.7 37.6 44.8 60 68.8 75.5 84.9 100
7.6 14.9 29.7 39.8 45.4 56.3 66.8 78 89.9 96.4
9.6 18.9 28.9 36.3 48.8 54.9 64.6 75.3 89.9 99.5
9.6 13 23.3 32.9 47.2 60 69.7 77.8 86.9 99.7
4.6 19.4 29.9 39.9 43.7 59.9 68.3 78.7 82.1 93.8
9.2 16.3 26.3 33 49.9 59.9 67 77.2 89.9 93.8
9.9 19.8 23.4 38.9 42.1 58 66.8 75.9 87.7 92.4
