6.1 13.3 24.9 32.2 46.9 57.6 67.4 75.6 80 90 100 111.3 121.8 136.2 143.7 153.6 160 170.2 180.4 197 201.5 218.4 225.8 230.1 240.1 250 260 272.7 280.3 292.5
1.6 13.7 25.2 33.5 40.1 54.7 65.7 73.8 81.3 98.1 100.2 117.6 124.1 135.7 146.6 153.6 167.7 173.2 187.5 190 202.7 210 223.3 236.9 242.8 250.1 260.2 270 280.5 294
0.1 17.5 22.4 34.6 40 54.8 60 70 80.7 93 100.3 111.4 125.4 135.5 142.6 153.6 160 172.5 186.6 190.1 205.9 214 221.4 230 244.5 250 260 270.2 285.3 290.2
4.3 10.2 21.8 32.2 41.3 51.8 62.3 76.8 87.7 90.3 101 110 120 132.6 146.2 154 167.6 170 180.1 195 200.1 211.4 220.1 231.5 245 251.4 260 270.3 286.8 290
6.7 11.3 20.4 32.6 41.6 54.6 61.8 70.1 82.8 90 104 117.8 126.3 132.4 143.8 150.1 163.1 173.4 180.1 193.4 207.7 215 220.1 237.7 243.4 258.2 268.8 273.2 281.7 293.2
0.9 10 21.3 30.3 40.4 50.5 60.8 77.2 83.5 90 103.5 111.5 128.7 134.8 140.4 153.6 160.1 170.1 181.3 193.3 200 214.1 220.1 238.5 243.7 251.7 267.8 270.1 281.5 295.6
6.8 10.1 20.6 30 43.9 50.3 67.4 70.1 85.7 95.3 108.8 110.3 120.4 130 140 151.1 165.5 170 180 190.8 200 210 223.2 230.1 246.5 250 260.9 272.7 287.4 290
5.7 11.2 20 34.2 44.9 50.3 60.8 72.7 80.2 90.4 100.6 110 120.2 130.1 141.3 152.6 162.6 171.5 180 190.3 200.2 215.7 222.6 230 241.6 250.2 260 274.5 280.8 296.2
1.6 10.3 22.9 30 40.1 52.7 61.5 70.1 82.1 98.4 107.5 110 122.5 133 143.3 151.1 163.6 170.6 180.1 190 205 210.9 221.5 231.3 240.5 252.7 264 270 280.1 290
5.2 10.7 28 30.4 40.3 51.7 60 75.3 80 92.9 104.9 114.3 124.5 134.9 146.5 158.1 161.4 170.2 180 192.3 207 213.2 220.9 230.1 243.2 256.6 264.9 270.1 280 291.2
0 10.2 24.9 30.3 45.8 54.1 62.2 70.5 87.6 90 102.8 116.9 120 137.1 146.2 150.2 160 171.5 180 190 204.6 210 222.7 232.1 244.9 250 263.3 277.3 280.1 296.4
1.3 17.4 27.3 31 48.5 54.1 60.4 70 87.1 90.1 107.7 114.9 126.9 130.1 142.4 150.5 162.4 170 180.2 191.9 207.7 210.2 220.1 230 240.1 250.1 260 277.1 280 291.7
0.1 10.1 22.5 36.4 40 50.2 60.3 72.1 81.4 93.5 101.9 110 121.8 131.8 140.2 150.1 161.7 171.7 182.1 192.8 202.3 216.9 221.4 231.7 246 255.7 262.5 277 282.3 290.7
0.3 10.2 21.7 30.2 46.5 50.1 64.8 72.9 82.4 90 100 112 120.1 130 140.2 157.5 160.6 173.9 184.6 190.1 200 215.2 220 234 240 251.9 260.6 270.1 280 296.2
0.1 12.6 20.5 34.6 48.3 55.5 66.1 70.2 86.6 90.2 103.9 110.3 120.4 134.7 144.9 150.9 168.2 170 180 194 202.5 210.8 223.8 232 240.2 255.2 261.2 270 284.3 290.3
0.5 15.5 20 32.9 47 54.6 60.1 73.4 82.6 91.2 106.2 117.9 125.1 130.5 143 150.6 161.9 170 180 190.1 201.5 210.5 226.8 237.8 242.8 250.8 266.2 270.3 280.1 290.1
3.2 10.1 20 30.1 40.1 50 63.8 76.6 83.6 95.1 100 114.1 122.9 132.3 140.4 150 163.7 170.1 183.1 191.1 208.1 214.4 224 230.1 245.4 250.6 266.7 270.4 280.2 290.1
3 11.4 21.8 30 44.4 50 60 70.1 83.6 91.8 105.1 110.1 120 135.4 140 154.7 166.5 173.4 180 192.1 206 210.1 221.1 238.1 246.6 253.8 260.5 271.6 283.8 290.1
7.7 11.5 20 30.3 48.2 52.2 60.1 74.1 80.1 90.1 104.8 113.6 120.2 130.6 140.1 152.7 166.9 172.4 183.8 191 200 210.6 225.6 230.1 240.1 254.8 260.1 272 281.7 297.4
2 10.1 22.8 34.6 48.1 50.2 68 74.9 86.1 90.6 100.3 110 124.6 130.8 140.3 156.4 161.2 172.4 180.3 198.6 200.5 216.4 220.1 235.5 243.7 250 265.5 270.1 281.7 291
5.9 16.5 20.6 32.2 40.3 50.3 62.9 70.6 87.1 90.4 104.7 118.7 120.1 135.6 146.2 150.2 162.7 170 185.3 195 200.1 212.8 224.7 230 240 251.9 262.8 274.6 280.6 290.2
5.8 12.3 24.1 30.7 40.1 50 63.8 70.1 82.9 91.7 106.5 110 127.8 136.1 140 150.2 162 170.2 182.4 194.3 200 210.2 220.1 234.1 244.4 250.2 260.6 270.6 287.4 290.1
0.1 15.8 22.3 32.3 40.1 50 60 72.6 80.5 91.2 101.1 110.1 120.6 133.9 143 153.4 160.6 177.4 185 193.5 205.6 210 226.5 230.8 240 252.5 260.1 270 285.6 297.3
1.1 10.4 20.8 30.5 40.1 52.6 62.2 75.8 83.3 95.4 101.5 110.2 122.8 132.7 146.1 150 161.1 173.7 183.8 191.8 200.4 213.1 220.2 233.6 245.2 256.1 264.6 270.1 284.5 292.5
0 10.1 20.6 32.8 40.1 50.3 66.7 70.1 80 92.5 100.3 110.1 120.3 132.2 146.3 159 165.3 170.6 180 198.6 205.9 212.3 227.5 231.5 246.1 257.3 260.8 272 280 290
1.5 12.6 21.4 30.2 48.2 50.1 67.5 71.2 82.8 90 102.7 113.7 120.1 133.5 140.2 154.6 165.6 172.9 186 190 200.2 214 224.4 231.3 242.7 255.4 260.3 276.5 280.5 291.3
0.2 12.5 20.2 35.1 43.1 51.3 66 72.8 82.5 90.3 105.2 114.3 122.6 132.5 147.2 150.2 160 170 185.5 190 203.6 210.2 228 230 240 256.1 262.7 275.4 280 290.1
0 14.7 24.1 35.2 41.2 51.1 65.7 71.3 80.1 92.8 107.1 110.2 121.3 130.2 140.3 150 160.1 170.1 185.5 190 203.5 211.8 220.1 234 240 250.1 260.1 273 280.2 297.1
0.1 13 20.1 30.4 40 50.7 66.2 77.3 84.9 93.4 106.6 111.1 125.3 130 144.2 155 160.4 170.2 180.4 194.9 200.1 210 222.1 235 240.3 256.9 260.1 276.3 282.7 292.8
5.6 16.4 20.6 34.9 41 50.9 60.1 70.7 87.4 90.6 106.7 116.3 123.8 130.2 143.4 150.4 162.3 175.7 180.2 196 201.6 210.5 220.4 230.1 243.6 255 260 270.1 282.4 292.7
0.1 14.7 21.2 37.9 42.5 56.5 63.7 72.7 83.1 91.2 108.1 116.1 125.1 130.1 140.1 153.9 160.9 177.6 182.3 196.5 201.9 212.4 220.3 230 240.2 253.8 266.9 274.8 285.5 295.5
0.4 11.9 20.2 30.1 40.1 50 68.5 72.5 88.3 96.1 104.2 110.1 127.7 130.6 143.1 155.2 165.8 170.1 180.8 190 203.6 210.1 226.9 233.1 242.3 250 261.5 274.8 280 290
4.6 12 20 30 40.6 53.6 60.1 70.2 80 90 100 116.6 120.2 131 144.1 150.6 168.1 175.1 185.4 190.1 201.6 210.2 220.1 231.5 240.3 254.4 264.8 271 283.1 290
0.4 10.1 20 37.9 41.5 56.6 61.7 72.2 80.1 97.3 101.4 113.4 120.6 130.1 146.2 152.9 163.9 177.9 180 191.7 200.3 213.4 221.7 232.6 242.9 252 260 273.8 282.5 290
1.1 10.1 25.5 30.2 42.8 51.8 61.5 77.8 82.1 98 100.1 110 123.5 133.8 140 154 166.9 175.2 181.3 192.8 208.3 210 222.6 232.8 240 253.7 264.2 270 281.6 290.1
1.8 13.7 28.1 31.8 43 50 60.1 70 80.2 90.2 100.3 114.3 123.5 133.7 145 157.3 162.4 173.7 185.6 190.9 204.8 213.2 220.1 237.9 240 254.6 262.1 270 284.4 297
5.6 10 23.8 30.1 42.6 50.4 61.4 70.7 80.5 92 100 110.5 121.1 130.3 140 150.1 161 173.2 180.3 190.4 200 215 220.5 230 246.8 250.1 262.9 272.3 282.6 293.5
5.2 11.5 24.4 36.2 43.4 52 61.8 75.4 82.7 90.1 102.7 110 120 130.7 140.3 150.8 160 171.3 183.9 194.1 202.5 210.2 221.9 230 241.8 250.1 260.3 270.1 283.6 292.2
0 10.1 23.8 31.2 42.2 50.3 60.1 77.3 80 90 100.2 113 120 133.6 146.5 150.1 166.9 175.1 180.8 190.4 200.2 210.1 225.2 234.5 240.9 255.4 261.1 275.6 288.4 293.4
6.2 10.3 25.8 37.1 41.8 50.1 60.1 70.1 82.7 96.3 100.1 113.4 123.9 130 140.1 150.3 167.9 174.8 183.4 199 202.1 211.5 223.1 230 242.3 252.6 262 275.7 287.7 290.1
1.3 10 24.1 30.2 43.7 50.1 68.8 78.3 85.7 90 105.1 114 124.6 138.2 140 150 161.9 171.1 180.1 191.6 200.2 212.7 220 230 245.6 251.8 260.1 272.8 280.1 293.6
7 11.1 24.1 33.9 40 50.2 65.4 70.1 80 90 102.1 110.8 122.1 130 141 150 167.3 170 180.6 190 200.1 212.4 220.2 231.4 240.4 250 260 274.6 285.4 290
5.8 10 21.8 30.8 40.5 50 60 70.1 80.1 98.1 108.5 110.1 121.7 130.8 144.4 150 160.1 170 187.6 192.6 200.2 216.3 221.7 236.6 240.1 252.5 260 270.1 280.1 290.1
6.8 14.6 20.1 30.1 45.9 58.3 60.3 73 80.5 91.7 101.2 113.9 128.2 131.2 144.4 158.1 160.5 170 180.1 192.5 202.4 211.2 222.4 231 240 256.9 265.2 270 281.2 296.9
0.6 17.7 20.8 37.9 40.1 50.3 60.1 74.2 85.1 90 102.3 115.6 120.2 130.4 141 150.9 160.4 170 182.2 191 202.4 211.1 220.1 234.9 242.2 253.2 260 276.7 283.7 292.8
1.5 16.4 24.9 30 42.5 50.4 62.9 70.1 81.5 91.6 100.1 115.1 125.3 130.1 140.9 153.3 161.7 172 181.3 190 200.1 213.9 225.9 232.1 243.5 250 260.1 276.5 288.7 290
6 17 23 34.6 41.1 54.7 61.9 70.2 83.2 90.7 100.1 115.3 121.2 134.3 142.4 153.6 160.2 170 180.2 191 200.5 212.1 220.5 234.4 244.3 252.4 260.3 270.2 281.5 295.2
0 13.4 20.1 30.1 42.3 50.3 63.6 75 81.8 93.3 104.6 110.7 120 136.6 142.7 150 160 175.1 183.7 194.6 204.6 210 221.9 234.7 245.8 251.1 260.1 273.4 282.3 298.7
1.7 13.1 26.3 33.9 40 50.1 60.1 72.1 81.8 93.7 101.6 110.2 127.6 130.1 147.1 152.6 162.3 170 182.8 190 201.4 214.3 221.4 235.7 246.9 250.5 260.1 272.9 280.1 297.3
4.7 10.8 20 30.2 43 50 60.3 70.2 80.6 97.2 102.1 111 120.5 136.2 140 156.3 162 170 185.5 191 200.1 212.7 224 231.1 241.4 250.1 260.3 271.6 280 298.7
