10 19.8 27 39.9 48.9 60 70 78.8 83.9 92.4 102.3 119.9 126.8 140 145.7 159.9 169.5 178.4 183 199.3 204.1 220 230 232.3 246.9 253.3 262.8 279.6 289.9 299.9
3.4 15.7 27.4 39.1 46.6 59.8 67.8 76.2 89.9 100 109.9 119.7 129.9 137.7 150 156 169.4 180 189.5 194.9 208.1 216.6 229.6 239.8 244.8 254.8 269.9 273 283.8 296.4
9.6 19.7 24.5 36.5 46 60 62.6 71.6 82.9 95.5 110 119.8 130 140 149.9 159.9 167.2 179.9 188.6 197.3 207.6 216.8 224 232.6 249.9 255.7 265.3 279 287.7 297.7
6.9 19.5 23.4 34.2 49.8 59 68.1 78.9 90 97.5 109.9 111.2 124.6 134.4 148.7 157.1 170 173.2 189.6 198.2 209.7 217.1 229.9 239.9 250 259.9 264.6 272.5 290 299.3
10 14.4 30 36.4 43.8 57.3 67.6 79.4 90 93.7 109.1 120 128.7 135.7 149.6 152.6 169.9 180 186.5 200 210 220 225.4 239.6 249.8 259.9 270 274.8 286 299.5
3.1 13.4 29.9 39.7 43.1 59.8 67.2 80 90 94.8 105.8 120 130 136.8 149.9 155.4 168 176.1 183.1 198.2 209.6 220 222.5 240 249.6 256.5 270 276.5 287.3 299.9
10 16.6 23.2 36.3 46.5 51.8 70 78.2 89 98.4 110 116.9 130 133.8 143.3 153.1 167.9 171.4 184.1 194.3 203.3 217.3 229.9 236.2 250 253.5 269.9 278.3 288.9 295.7
10 14.6 25 36.5 46.5 55.9 63 80 87.2 99.9 107.8 111.8 129.7 135.9 146.3 155.6 164.7 174 181.5 199.9 209.8 219.5 224.5 231.2 249.9 259.6 262.4 277.7 288.3 298.1
9.9 19.7 26 33.8 45.3 57.3 70 78.4 89.9 100 109.6 111.8 125.8 138.5 147 153.9 170 180 186.6 197.1 206.6 216.6 227 233 250 258.5 266.3 272.5 285.3 291.9
7.1 19.9 30 34.6 44.7 55.3 66.4 80 83.1 99.3 109.9 120 130 139.3 150 160 165 174.4 186 197.4 209.8 218.6 230 232.6 245.5 260 267.8 274.3 283.9 296
4.5 19.1 26.8 33.7 49.1 60 65.8 79.7 90 91.5 108.9 119.8 126.1 140 148.1 159.7 165.3 173.2 181.2 191.9 208.5 212.9 225 235.6 248.6 251.9 266 280 285.6 298.3
2.8 20 30 34.5 50 56.5 62.9 76.9 90 95.7 109.7 118 130 137.7 149.9 159.9 164.5 179.8 189.3 195.4 210 212.3 225.4 232.5 243.5 252.6 261.3 279.9 282.7 294.9
5.8 18.4 29.6 40 42.5 55.6 63.7 74.4 86.4 95.8 107.6 113.6 125.2 139.9 148.8 154.1 166 173.5 189.9 196 208.6 220 229.8 234.2 249 259.6 265.8 280 285.5 298
9.8 19.8 25.6 39.8 49 56.4 69.9 80 89.9 93 104.3 115.4 129.9 132.5 142.4 159.9 166.7 179.5 189.1 196.2 205.4 220 221.5 237.2 241.7 253.9 268.4 276.8 284.4 299.9
9.2 14.3 28.4 39.9 50 59.7 68.1 76.4 89.2 99.6 110 119.9 129.8 137.9 149.8 153.5 170 172.5 184.8 198.2 210 213.3 229.4 234.7 246.3 259.6 269.9 271.9 286.9 296.4
9.9 17.6 27.1 40 49.5 59.4 66.7 78.3 89.9 95 108 120 129.1 137.3 145.9 152.9 166 173.3 182.5 197.6 207 219.9 229.2 240 245.7 253.7 267.9 280 288.1 294.7
6.5 18.6 27.1 39.7 49.6 55.1 66 79.9 85.8 100 104.2 119.9 125.3 139.8 148.5 154.8 167.6 177.7 186.3 194.1 209.9 220 225.9 239.3 250 259 268.5 276 289.9 299
9.9 19.6 29.9 32.2 48.5 52.9 67 71.4 86.2 99.9 107.4 115.2 128.8 140 142.1 156.6 170 177 185.8 195.2 210 219.9 225 240 250 256.6 262.4 279.9 290 294.5
10 19.9 22.6 36.6 50 59.9 69.9 79 89.6 92.8 106.2 119.4 128.2 133.5 142.8 159.9 170 179.7 190 200 209.6 212.5 228.7 238.6 249.1 260 264 274.8 286.7 299.7
5.2 17.1 25.2 39.9 50 59.9 70 78.9 87.8 98.1 109.3 118.7 128 136.6 148.2 160 163.9 179.9 190 200 202.5 220 227.4 238.3 247.8 254.6 269.4 275.7 289.9 299.8
9.2 19.9 29.9 35.1 46.9 53.6 69.3 78 89.2 99.9 107.8 120 126.4 138.1 149.7 159.9 169.8 175.1 190 199.7 209.8 216.5 230 238.9 243.3 254 265.7 276.6 287.7 292.3
10 14.7 30 39.9 47.1 59.5 69.3 79.3 85.9 98.8 109.7 115.4 129.3 139.1 143.5 159.8 165.2 179.7 184.1 200 201.6 214.6 222.8 239.9 247 254.8 269.9 276 290 298
6.6 19.9 27.9 39.9 43.8 53.8 67.6 78.3 89.8 100 109.9 119.6 123.1 136.4 149.2 160 169.7 180 190 197 209.9 211.9 229.4 239.8 245.5 254.7 261.9 276.9 288.3 299
9.9 18.5 29.7 39.9 49.1 55 65.3 80 88.8 98.7 105.3 115.3 130 140 150 151 169.8 179.9 190 197.3 203.2 219.7 229.7 235.4 247.6 259.5 269.8 279.6 290 299.8
9.5 18 22.7 34.9 49.9 53.1 70 76.5 84.9 95.2 102 118.2 122.4 139.1 147.8 160 169.9 173.8 184.3 200 209.9 215.9 229.5 237.3 249.9 259.9 266.1 275.6 289.5 295.3
3.8 17.1 29.9 37.2 50 59.7 69.6 73.4 84.6 93.6 104.9 120 129.7 136.5 145.7 157.8 170 177 189.9 195.2 203.2 220 229.9 239.9 244.5 258 263.3 279.9 288.1 296.8
9.4 19.9 29.7 40 47.5 52.7 70 75.8 86.1 94.3 110 116.5 129.9 136.1 149.7 159.7 161.4 173 189.8 193.7 210 219.9 230 232 249.5 257.8 269.8 279.6 287 298.8
2.9 20 26 37.6 45.4 54 69.9 74.8 86.8 100 109.2 119.9 124.1 137.7 148.7 156.8 164.8 178.4 189.1 191.9 206.4 220 226.3 239.5 242.2 253.1 266.4 279.9 282.6 299.8
9.3 14.9 29 40 47.2 52.7 69.8 79.9 89.9 95.2 108.3 118 127.1 134.3 147.1 159.9 167.6 179.7 186.9 197.8 209.3 217.1 226.9 239.8 248.5 259 268.8 279.9 288.1 295.4
10 18.8 24.4 37.2 47.6 58.6 69.7 73 89.3 98.3 110 119.9 125.8 135.2 145.4 153.6 164.3 178.7 189.9 198.1 205.1 218.1 226.1 234.5 250 258.9 261.9 279.5 285 299.8
9.4 19.9 29.9 39.9 49.9 58.9 69.9 77.4 90 99.9 110 118.7 130 136.3 144.6 159.9 169.9 180 185.9 199.9 210 215 226.1 233.2 249.8 260 269.9 277.1 289.9 299.7
8.7 16.4 29.8 39.2 49.6 53.4 70 76.1 90 99 108.3 117.8 129.4 139.9 149.9 160 168.4 177.9 189.8 193.8 208.6 218.3 230 234.6 244.7 251.3 266.3 280 287 294.7
7.5 20 22.6 34.8 42.3 56.5 69.1 79.6 82.8 94.4 101.3 120 128.8 139.9 146.5 159.9 169.9 180 190 193.2 207.8 217.4 227.5 235.3 246.8 257.4 270 280 289.9 291.7
9.3 19.2 26.1 39.6 46.2 60 66.6 79.9 89.7 99.6 105.2 119 125.4 136.3 148.9 159.9 169.9 180 188.2 200 208.3 219.7 226 236.4 244.9 255.7 263 275.7 284.9 293.1
2.8 19.5 27.4 39.5 49.7 55 69.9 80 88.9 100 107.6 111.6 130 136.3 141.6 155.7 168.6 180 184.3 195.2 210 213.3 225.5 234.8 241.3 259.8 265.7 275.8 286.1 298.9
9.9 19.9 30 40 45.1 57.5 64.7 79 82 99.9 102.1 117.5 125.7 138.5 148.5 159.6 165.4 176.2 189.2 192.8 208 220 229 240 241.6 259.9 269.8 272.5 290 300
8 15.2 27.9 37.2 49.9 52.9 65.6 73.8 90 98 102 118.8 124.8 139.8 147.1 159.5 169.9 179.9 189.9 198.8 207.7 219.9 223.1 235.9 249.9 257 269.2 274.6 287 295.4
9.9 19.9 26.5 39.9 49.9 54.9 67.8 80 89.9 97.3 104.8 112.1 122.1 136.9 145 160 161.9 179.9 190 196.6 205 219.8 223.8 235.9 246.1 258.5 269.8 276.5 287.6 299.9
3.7 13.5 26.7 40 47.7 52.9 64.1 79.7 81.4 92.6 106.5 118.5 129.5 135.2 149.8 155.7 169.9 178.1 187.2 196.6 209.8 214.6 228.1 237.4 248.7 258.2 270 279.9 290 299.9
8 14.8 30 40 46.8 55.7 69.8 72.3 86.9 99.9 108.4 120 129.8 132.8 141.8 159.6 170 176.6 189.9 200 210 219.9 230 237.2 245.4 257.6 270 277.9 289.6 298.5
7.5 14.5 26.1 39.7 45.6 58.2 70 80 90 97.7 107.3 119.4 129 140 147.3 151.5 168.4 174.5 189.6 199.6 203.3 215.7 229.9 231.5 248.4 255.5 266.6 277.1 286.9 300
9.7 13.7 28.8 39.6 49.6 54.6 70 76 84.5 92.8 106.3 119.7 129.9 131.7 145.7 153.5 170 171.8 184.1 193.2 207.8 217.2 223.4 239.9 247.8 253.5 267.2 277 287.9 294.7
7.2 15.5 29.9 37.5 49.9 55.1 67.1 73.6 87.8 100 110 116.2 124.3 139.7 146.5 152.7 163 174.1 189.9 195.8 203.1 217.8 224 240 249.8 260 264.9 278.7 289.7 294
9 19 26.4 38.4 50 60 69.8 80 89.2 94.2 109.8 120 130 139.9 147.8 160 163.8 173.6 189.2 199.5 209.7 214.2 229.9 233.4 242.2 259.3 269.9 273.4 283.1 299.9
9.9 19.9 24.4 40 43.6 58 69.6 76 86.9 98 104.2 117.4 123.3 139.9 144.7 156.7 169.9 172.1 186.2 192.9 207.6 215 223.8 238.3 244.1 256.7 263.5 280 289.6 299.3
9.7 18.8 29.9 35.9 45.9 59.9 69.8 78.2 83.5 96.1 108 119.9 129.7 139.7 143.1 156.9 168.9 175.1 187.7 193.6 209.1 219.9 229.8 234.6 249.9 256 269.4 278 290 299.5
9.9 19 26.2 37.3 43.2 59.2 63.6 77.7 85.1 99.6 102.4 117.5 123.3 136.7 145.3 159.2 169.6 176 188.3 199.9 207.3 219.9 229.8 240 246.4 258.7 263 276.6 284 298.3
6.6 15.2 26.2 31.9 46.1 51.8 65.6 78.2 85.1 95.2 110 119 123.6 139.6 146.5 157.3 168.2 177 189.2 198.6 206.9 211.7 224.3 239.9 250 257.7 269.1 279.9 286.8 300
6.8 15.5 28.8 40 49.2 52.5 65.2 74 90 96.9 106.3 119.7 129.6 134.2 149.8 157.2 169.8 172.7 189.9 199.1 205.5 217.1 223.8 239.4 249.5 259.8 266.2 279.9 287.2 299.9
9.8 19.9 23.8 36.9 47.2 52.2 67.3 77.8 81.8 99.7 109 117.2 129.9 140 148.7 159.7 169.9 171.5 190 192.9 209.9 219.8 230 233.2 250 259.6 269.9 275.4 287.8 300
