3.2 10.1 21.2 30 41.6 57.7 65.4 74.5 80.8 90.1
0.1 10 28 31.2 47.8 50.3 60.1 73.6 80.8 90
2.5 14.2 21.1 30 42 53.5 60.8 70 80.1 90
2.5 12.7 20.1 30.5 40.7 51.7 63.5 76.5 84.7 92.5
6.7 10.1 22 36.5 40.6 53.6 60.4 75 80.1 90.6
0.3 17.3 22.7 36.7 45.4 54.2 65.5 74.4 82.6 90.1
1.5 14.7 20.1 34.9 42.5 50.1 60.1 71.5 81 90.1
8.3 15.5 24.1 30.3 44.4 52.7 66.3 72.9 80.1 90.1
0.4 10.1 22.4 32 40 50.1 66.3 75.4 80.1 90.1
5.1 14.2 20 36 40.1 50.1 62.8 78.1 80.7 90.5
0 10.1 26.7 35 40.3 51.2 64.5 70.4 84.8 93.5
0.9 11.4 20.7 32.5 40.3 51.5 66.3 70 81.5 90
0.6 15.5 25.6 32.4 40 56.7 60.1 70 86.4 90.1
1.9 14.7 20.2 30.1 40 53.7 60.1 71.5 83.9 93.5
0.2 13.6 21.8 34.5 44.1 55.9 68 73.4 80.4 92.8
6.1 10.5 23.6 30.1 48.2 57 60.7 77.1 80.5 90
1.5 16.5 26.7 30.1 40.6 50.2 63.7 70.3 80 90.1
6.2 10 27.5 30 41.4 50 60 70.1 81.4 91.7
7.7 13.7 20.1 30.3 44.1 51.9 65.1 70 83.6 90
0.2 14.9 26.5 38.2 46.9 54.6 60.2 70.2 80.2 90.1
4 12 27 30.3 40.1 50.1 66.9 70.8 83.6 90.1
5.4 12.5 22.1 32.7 46 54.3 60.3 70.1 82 90.2
0.1 17.3 24 35.9 44.6 51.5 60.1 70.5 81.8 90.3
4.8 10.2 20.2 30.3 40.3 54.7 61.5 72.3 81.1 95.4
0 10.2 20.1 31.2 40.3 51.7 60.1 74.9 82.7 90.1
0.1 10 26 30 46 52.8 60.1 73 81.1 90.8
0.2 10 20.4 30 42.3 57.7 60.2 76.2 80 93
0.1 10.3 22.2 34.7 40.1 50.5 63.6 75.1 80 90
0.1 14.2 20.1 30.1 40.8 55.6 60 73.8 84.2 90
7.4 10.9 21.5 31.2 40.2 53.3 60.1 73.1 84.6 90
